26758
26547
7599
7600
7601
13239
17867
1770
27481
27482
9236
27472
25682
25683
25684
25685
25686
25687
25688
25691
25692
25693
25694
25695
25696
25697
25698
25699
25700
25701
25704
25710
25711
35017
35018
35019
33016
33017
33018
19152
27156
27226
2521
2522
8519
8520
8521
8522
8523
8525
35103
17755
17756
17757
17758
32196
32198
35351
5042
34398
34399
35344
27737
27738
26548
26549
26550
26419
35139
35140
35141
35142
18359
27129
34482
15684
15685
15686
28150
35134
15658
15659
15660
18724
30942
27340
9363
13500
19323
19324
1773
1774
1775
34181
27890
19892
34296
34297
34298
34300
34301
34302
34303
34304
34305
34306
34307
24839
24840
8050
8051
8057
8058
8059
32330
18645
35046
24838
18408
12768
13242
13243
13244
13245
19726
18688
18689
2311
2312
2313
2314
34627
19372
19373
18229
18171
18172
17723
17724
18583
18584
33791
33201
35315
18441
1015
32806
13283
13284
26408
28356
28357
28358
28359
30881
30882
30883
27299
12468
19912
6047
27108
27109
27110
8552
8553
8554
18548
34426
24373
18401
31972
31973
34403
34404
13213
18916
18917
18918
8411
8412
12814
30858
30859
30860
30861
30862
30863
30864
30865
30866
30867
30868
30869
31955
8217
15776
15777
15778
15783
15784
9378
9379
9240
28073
26512
31956
23128
23129
23130
23131
34617
34618
34619
34620
34621
34622
34623
34624
17958
19694
12690
19212
19213
7752
17156
13841
13842
13843
13844
27433
19975
23373
15373
5297
5298
5299
23185
23186
27325
18465
25413
25414
25415
18552
23952
18641
27342
27349
35380
35307
35308
28085
26403
34948
34564
34565
18613
33789
17651
34079
23200
198
32373
26406
32423
32424
32425
34708
34709
34710
9331
18060
15678
27155
18925
18926
27996
27997
15342
1081
1055
33768
18176
34182
18924
33936
35261
13850
18890
8145
8146
8147
8148
8149
8150
8151
8152
8153
8154
8155
8156
8158
32290
32291
32292
32294
32295
32296
34419
7947
7656
18887
19031
19032
15301
12762
12763
12764
12766
12767
18690
35391
18931
18050
15302
15303
13571
8017
18747
1798
19505
8348
18397
33889
27898
18955
28395
28396
7951
8031
32347
27002
27003
13281
5264
5265
5266
7571
7572
7573
7574
7575
7576
33839
18211
26539
34340
19476
19477
19478
19479
19480
19481
19482
19483
19484
19485
19486
19487
19488
15462
13162
30893
30894
30895
32430
32431
35379
26751
28347
7980
12703
1771
23304
23305
23306
18402
32348
15772
15773
19007
17733
27663
5347
5348
5349
5350
5351
5352
10645
10646
10647
10648
10649
10650
10651
10657
10674
10676
10677
10679
10683
10684
10685
10688
10689
35258
17980
17981
17982
34394
35085
35086
9489
18975
212
18446
8120
8121
8122
8123
8124
35236
35237
35238
23275
33803
33804
33805
33806
15496
32336
32337
32338
32302
32303
18912
28193
18873
28221
9629
9630
1311
18884
18885
18886
35350
33860
24515
8344
8345
8346
36848
23241
32001
32002
32003
15304
18882
12827
28081
23949
8206
8207
8208
8209
8210
8211
17453
3300
3301
28992
28995
28999
33779
249
19742
1099
18185
18396
32087
32088
32089
35131
27998
12826
218
17732
18933
13230
13231
13232
18437
2287
26830
26831
33112
33113
33114
28127
28128
29133
33173
34101
22737
22738
23325
5294
5295
5296
14442
26737
24551
24552
18438
18976
23266
23267
23268
33222
13597
13598
34099
31970
13791
13792
13793
13794
13795
13796
13797
13798
13799
13800
13801
13802
26545
24600
24601
24602
24603
24604
24605
24606
24619
24621
28163
14445
14448
27443
27444
7959
7960
7961
7962
18411
12469
13210
34417
26924
26925
26926
26929
26930
26931
26936
26937
18508
18509
18510
19475
24735
24737
27735
30959
30960
28241
19004
25355
25356
25357
25358
12693
32344
35312
15259
33073
33074
33075
17830
34475
8328
8500
8501
8502
8503
12724
12725
12726
19703
19704
28182
33324
30956
244
14530
9470
9471
29087
29089
13246
13247
13248
13249
13250
28216
28217
28218
7996
7997
7998
33260
33754
33755
33756
34660
18588
18589
18590
19974
30797
30798
30799
35137
28346
18453
33261
29090
19510
32807
27891
27892
27893
15500
15501
28067
28068
28069
28070
28071
6137
6138
9570
9571
9572
34927
34928
34929
34950
34951
27431
27432
23398
19914
36790
34420
19334
23239
23240
15348
18043
8668
8669
8672
30936
30937
30938
18360
28002
28003
13282
22728
22729
22730
22731
22732
24945
24947
24951
24952
5285
5287
5288
5289
5290
5291
5292
30940
30941
26939
26940
18727
8842
8843
8300
10368
32005
32006
30890
35255
35256
35257
31961
31962
31963
18585
18586
18419
19737
19738
7949
18647
19319
18053
13177
13183
13184
13185
28489
28490
33878
26397
26398
26399
10389
10390
10391
10392
10393
18603
18604
18605
18606
18607
18608
18609
30745
30746
30747
34901
34902
1023
34983
33757
35246
32022
27654
14410
14413
7658
34670
7964
23334
17735
26756
27368
28521
24636
24637
24638
24639
24640
24641
24643
24645
24646
24649
24650
24651
24652
24653
24657
24658
24660
24661
23256
35111
35112
35113
35114
35115
35116
17652
17653
17654
17655
18721
9402
34942
25424
25425
25426
19765
19766
19767
19768
17731
13782
32377
32378
32379
18638
24630
24631
35144
18565
9538
9539
9541
9543
9545
9547
9548
9550
9551
46
8908
18539
7954
7955
7956
33887
19077
19078
19079
18553
18554
33772
18969
18970
10820
10821
10822
10823
10824
10825
10827
10828
10829
10834
10835
10836
10837
10838
10839
10840
10847
10848
10849
10850
10851
10852
10855
10860
10862
10863
10864
10865
10869
10870
10884
10885
10887
10888
1768
1769
27683
19341
19342
7700
19005
28464
28465
28466
18646
13227
19210
19211
19655
19656
19657
19658
19659
19660
19661
19662
7952
7953
34988
34989
8005
33838
19321
19322
35343
29091
29093
18427
32432
32433
13325
13326
34070
226
7539
7540
18447
18637
13493
8540
26891
26921
26922
237
8085
8086
19502
19503
32224
32225
32226
32227
15300
35512
35513
10441
10442
18718
32427
19105
19106
28338
18375
18376
236
26886
26888
34999
9354
10591
10597
10598
10599
10600
10601
13226
24845
28133
8253
8254
8255
8256
8257
8258
28332
8295
33893
11016
13347
13348
13349
18753
25650
25651
13151
13152
13153
13154
13155
13157
13158
27554
32380
22735
11123
8610
8612
8613
18723
7963
34870
34871
34872
13234
13235
30904
30905
8499
33168
8335
24854
33780
33781
25287
10443
27545
9255
9256
9257
26733
118
119
124
125
35042
8414
8065
8066
8067
1021
15324
8430
8431
8432
8433
8434
8435
8436
8437
8438
19775
33934
35313
35314
28470
28471
27897
18652
28406
32406
32407
32408
32409
32410
32411
32412
32413
30855
30856
19699
33771
28096
28097
28099
28100
28101
28102
30857
7750
7751
19511
32242
15464
27409
33244
13176
8004
25381
25382
25385
25386
25387
25388
25389
25390
18481
17793
33206
33207
19011
19012
35393
35394
35395
35396
35397
35398
35399
5260
33917
8079
8080
8081
28325
28327
28328
28329
28330
28331
13189
31
17667
17668
18200
18201
18202
18203
17835
17836
17837
17838
17839
17840
17844
17845
23271
27699
27700
27701
27702
18953
32253
18500
18518
18519
23335
23336
26566
34440
8675
8676
8677
8678
8680
32299
32325
35156
8011
30951
35117
35118
26788
19769
19770
19771
19772
7570
1788
15256
35259
25112
25113
25114
25115
25118
15257
18847
19194
19195
32415
18160
7660
7661
7662
1080
24158
24159
35336
27341
35132
12727
13783
13784
13785
13786
13787
13788
13789
13790
242
243
32485
32486
32487
32488
35263
18425
9701
18403
34661
35353
18428
32381
18659
8338
27434
27435
27436
32024
32025
13568
24663
24664
24665
18742
18433
14532
11884
11885
11886
11887
11888
11889
11890
18889
34407
18772
26949
26950
26951
26952
26953
26961
26968
26969
26971
26972
26973
26974
26981
26982
26983
19667
12929
12930
32178
32179
32180
34934
28946
28947
28948
28968
28969
28970
23388
19407
18999
32350
32351
32352
32353
32354
32355
32356
32357
32358
32359
32360
32361
35150
35151
7561
7562
7563
7564
7565
8293
18651
8287
17726
36802
26429
26430
34954
11754
18454
31964
15323
28342
18467
7957
7958
27385
27386
27387
33935
34597
34598
34599
17711
35138
7992
227
228
229
230
231
232
233
