25079
25080
18884
18885
18886
27462
26548
26549
26550
27348
18043
27220
19054
22930
28076
28077
19291
5361
5362
5363
5365
5367
5368
5369
5370
5372
5373
5374
5375
5376
5377
5378
18596
32485
32486
32487
32488
25287
30951
33020
34414
27409
19006
23201
23202
19359
18443
18695
18696
18697
18765
32521
32522
32523
27394
27395
28356
28357
28358
28359
26787
13494
35228
35229
13325
13326
7648
7649
7653
7654
18349
18664
27002
27003
32466
237
18446
27344
27345
27346
7964
30881
30882
30883
18862
18863
18440
18551
28406
27337
18511
35313
35314
1080
33318
33319
7664
7665
7669
34452
34453
34454
35137
12724
12725
12726
32344
9701
15489
24371
18353
18433
20494
20495
20496
24065
32072
8577
15374
19476
19477
19478
19479
19480
19481
19482
19483
19484
19485
19486
19487
19488
34689
32001
32002
32003
10443
8830
34181
7663
35380
7798
28291
28292
28293
28294
26567
26568
26569
26570
26571
26572
26573
26574
18773
32591
9225
12442
26403
7541
7542
33222
14410
14413
27066
27076
27077
33783
18613
14429
14430
14431
14432
14433
18442
33377
12932
12933
12934
27680
10161
10162
10163
5422
18375
18376
18987
28221
26736
28325
28327
28328
28329
28330
28331
18444
34430
34431
34432
1798
18893
33721
33722
33723
27330
7539
7540
18757
18994
31971
7568
7569
10900
34927
34928
34929
13281
26943
11344
11345
11346
11348
11349
11350
11357
8206
8207
8208
8209
8210
8211
1773
1774
1775
23225
34942
1055
14540
14541
33882
26546
34605
7656
34674
27996
27997
18747
26738
18344
8516
27347
13234
13235
26367
32596
18752
28152
25650
25651
30855
30856
33003
33004
33737
19374
19375
19376
19377
19378
19379
19380
19381
19384
19385
19388
19389
19390
19393
19395
19399
19401
19402
19403
19404
19405
19406
33889
27650
27651
19320
18452
7959
7960
7961
7962
5281
5282
5283
5284
34434
34903
2
9229
9241
9242
9243
9244
9245
9246
9247
9248
9249
9250
9251
9254
9406
224
225
27278
27279
26406
27735
34101
23254
33173
32087
32088
32089
35042
26470
26471
26472
13499
8079
8080
8081
18891
18892
19968
19969
19970
18450
18541
18542
18543
19513
12827
27663
11423
11424
11455
11458
28096
28097
28099
28100
28101
28102
33802
19751
34437
218
9412
33130
33131
35804
35805
34438
18549
7965
7966
7967
7968
7969
7970
7972
7973
7974
7975
7976
7977
7948
3294
27352
13220
13221
13222
9448
17824
24716
24723
24724
24725
8075
8076
8103
8104
8108
8109
8110
8111
32237
32238
27108
27109
27110
22957
22958
19800
19801
19802
17877
17878
8050
8051
8057
8058
8059
18345
18346
34670
20488
20489
12695
12696
12697
27298
27115
27116
27117
12736
12737
12738
12739
12740
12741
12742
12420
27316
18430
12866
12867
12868
31964
27226
32024
32025
13224
13225
9237
13782
33779
19317
8296
8297
8298
27473
28064
13283
13284
30745
30746
30747
23370
19015
32321
32322
15329
26757
1014
18464
35221
5393
35048
18468
28535
34977
34978
34979
1782
1783
1064
26758
18751
18537
33165
33166
33167
15573
35258
35268
19361
13783
13784
13785
13786
13787
13788
13789
13790
29320
1058
1059
18652
33022
33023
18390
19689
15328
18988
13177
13183
13184
13185
34340
13227
30942
19009
23933
23934
18061
6104
6105
6106
27393
34676
9640
18414
17867
18360
30818
35135
15262
18455
11879
11880
11881
11882
11883
34439
19029
35332
35269
35270
32595
35512
35513
27212
28341
12439
12440
9259
19192
19193
10584
33194
18058
13597
13598
18657
13523
35336
34904
34905
34906
34907
34908
34909
34910
34911
34285
34286
34287
19011
19012
23373
26540
26541
19323
19324
13210
26566
219
8512
18391
18545
18546
18547
19499
19500
19501
12689
35472
32196
32198
33839
30958
18865
18866
18867
34281
34282
34283
34284
28193
18953
27223
33019
18902
18648
34562
5414
18451
26408
33937
11565
11566
11567
11568
11570
11571
11573
11575
11578
11581
11582
11583
11584
11585
11586
11587
11588
11589
11608
2227
2228
18438
11375
11376
11377
11378
11379
11380
13189
19912
8300
33800
8071
8072
24630
24631
1091
1092
1093
33860
9397
15500
15501
35302
25325
19893
19894
19895
19898
19899
19902
19903
19910
32367
26417
27553
34320
34321
34322
34323
34326
34327
19892
27678
34403
34404
28119
28120
28121
28122
28123
28124
28125
28126
33330
33331
28335
28336
28337
13337
28538
28539
23241
15373
28934
5051
8320
8321
8322
34939
34940
34941
27292
17710
10369
10370
11089
11090
33127
15652
15653
15654
19502
19503
108
109
35359
210
23270
35222
12711
28243
28244
28245
28248
28249
28250
28251
19890
34564
34565
33930
31955
27888
27889
30884
18642
18508
18509
18510
12708
18721
8343
19364
33261
18386
244
17771
7995
19000
33884
23949
18887
18512
19694
27706
17819
17820
17821
17822
15346
10441
10442
18616
18644
13502
13503
18421
17649
17650
17766
17767
17768
17769
245
27350
33476
27504
27505
13336
18665
9570
9571
9572
13850
33658
13493
12941
8011
18640
10153
1788
36820
3336
3337
8651
15755
15756
19077
19078
19079
9283
9284
9285
9286
9287
30959
30960
8013
8014
35107
35108
27490
9354
27366
29090
18690
34717
34718
18412
8526
8527
8528
8529
8530
8531
8532
8533
8534
8535
8536
8537
8538
35104
18230
18231
18232
27527
28129
28131
8510
35242
32005
32006
19509
12929
12930
20462
20463
26830
26831
12750
12751
36052
30857
8338
19365
12942
12943
34481
8329
28133
19044
32528
13841
13842
13843
13844
8600
8601
8602
8603
8607
8608
18658
18550
34983
36786
36787
32055
32056
10444
9240
23279
23280
1056
31949
31950
31951
9359
9360
17723
17724
5270
5271
19879
17719
15448
15449
15450
36790
35097
35098
33119
17731
34992
34407
14586
15281
29039
29040
29041
29042
34713
13226
34099
12692
5425
5426
19698
15477
15478
15480
15481
15483
29321
15468
27338
18933
18753
27219
35530
35537
32335
19153
19154
19155
23200
18998
13575
54
55
34964
28008
28027
28028
35110
36788
32362
18978
18174
18175
35264
14505
14511
14512
14513
32415
18848
18849
18850
19717
28478
28479
35251
32597
19105
19106
30896
18646
19007
19148
19149
34708
34709
34710
17659
17660
9576
9577
9578
35134
20471
35764
35765
35766
25016
25017
25018
25019
25020
25021
25022
25023
25024
25025
25026
25027
25028
25029
25032
25033
25034
25036
25037
25051
25052
25053
25054
25055
25056
25059
25060
25061
25063
25064
25635
29323
35247
35248
18198
34477
35479
28524
14425
33772
18647
19512
19740
19741
15741
34377
34378
15257
20490
27340
10691
10693
10694
10701
10702
10707
10708
10709
10710
10717
10718
10719
10741
10742
10744
10745
10746
10748
10749
10750
10751
10752
10753
10754
10756
10759
10762
10771
10772
10777
10778
10780
10781
10782
10784
10785
10787
10788
10794
10803
10805
10806
10807
10810
10811
10813
33886
35265
18728
26891
27417
13228
26923
19504
7744
7745
7746
7748
19475
31926
31927
31928
31929
31930
31931
31932
31933
33076
36847
11298
33189
33190
8304
8305
8306
18650
8415
8416
8417
8418
8419
8420
8421
12698
12699
12700
12701
30956
2551
26756
32242
18475
18476
19742
34426
18982
10148
10149
10150
23398
27548
19030
27014
27015
27016
17974
18603
18604
18605
18606
18607
18608
18609
35592
28002
28003
1015
28332
30912
32376
28191
19462
1075
8515
15302
15303
24897
24898
24899
24900
24902
24903
24904
24907
24908
27335
26371
26372
35412
31972
31973
34096
34097
34098
13347
13348
13349
18565
19718
26407
23399
18347
18348
33324
15459
15499
17004
35347
10330
10331
10332
10334
10335
10336
10338
10820
10821
10822
10823
10824
10825
10827
10828
10829
10834
10835
10836
10837
10838
10839
10840
10847
10848
10849
10850
10851
10852
10855
10860
10862
10863
10864
10865
10869
10870
10884
10885
10887
10888
17985
17986
17987
33112
33113
33114
32106
32107
32108
5230
5231
5232
5233
5234
5235
5236
5237
5238
35315
6107
6108
33200
27341
18637
2546
2547
34440
18397
19667
30800
8517
8518
26737
10339
220
221
222
223
9378
9379
26879
28178
28179
34393
18500
33054
33055
33056
18432
2548
2549
2550
5386
5387
