24712
24713
24714
24715
28216
28217
28218
20490
19170
8493
27355
27356
27357
27358
23218
8500
8501
8502
8503
29059
29060
29067
29068
29071
32332
17830
34101
26879
5324
5325
5326
5327
5328
5329
5330
5332
32321
32322
33799
17823
32016
33054
33055
33056
33324
28254
28255
28258
28262
28263
28264
28265
28266
2546
2547
8424
8425
8426
8427
18668
28489
28490
27456
27457
27458
27459
18433
13850
8050
8051
8057
8058
8059
34458
27226
13328
13329
13330
19676
18054
20483
20484
20485
20486
20487
25825
25826
25827
25828
25829
25830
25831
25832
25833
25834
35006
25533
27472
18342
29169
33129
13569
27170
27171
18251
18847
3300
3301
36818
28345
27896
32423
32424
32425
33242
18639
32414
12708
36847
12815
15262
33658
1064
17718
35330
18459
26751
26738
35391
32106
32107
32108
27527
17702
17703
17704
27326
34988
34989
32230
33784
33785
33786
33787
33788
13226
34414
30903
28934
17730
18646
26749
18637
11391
11393
11394
11397
11398
11399
11400
11401
11402
11403
11404
11405
11406
11408
11409
1075
28538
28539
14425
29090
5535
9364
9365
9366
34700
18691
18412
1094
34481
27347
18177
18178
18179
27224
33035
33036
33037
32172
14586
18230
18231
18232
18772
9402
1098
28187
34079
23225
24710
13283
13284
33202
27557
24583
34150
33838
13574
32024
32025
18500
9312
9313
9314
3335
10591
10597
10598
10599
10600
10601
18353
28522
34964
8632
8633
8634
8635
35135
34434
7541
7542
30855
30856
18467
26491
20482
15376
30958
7657
28030
28037
28039
28040
28041
28042
28043
28044
28045
28046
28047
28048
28049
28050
28051
28052
28053
28054
28055
28057
28058
28059
28060
33793
33794
18053
17723
17724
33194
7553
7554
28228
28229
28231
28232
8071
8072
12529
34088
34091
34093
34094
34095
10151
10152
18511
26908
26909
26910
246
247
17732
34285
34286
34287
7954
7955
7956
18417
18912
18481
28356
28357
28358
28359
13151
13152
13153
13154
13155
13157
13158
28094
27212
33887
32368
32369
32370
33721
33722
33723
8015
242
243
18428
15448
15449
15450
19024
33150
15658
15659
15660
23952
18953
8200
8201
8202
8203
8204
8205
33884
26812
26813
17824
8319
35030
35031
14592
1091
1092
1093
23335
23336
26406
11884
11885
11886
11887
11888
11889
11890
28127
28128
35023
6107
6108
18479
12762
12763
12764
12766
12767
33886
30940
30941
31956
7571
7572
7573
7574
7575
7576
23259
10170
10171
10172
34417
27216
27217
27218
15324
18641
33260
35479
8328
7549
7550
12825
26788
25075
13572
27156
26949
26950
26951
26952
26953
26961
26968
26969
26971
26972
26973
26974
26981
26982
26983
33930
18726
12941
12824
27722
27723
18774
18775
18430
22956
35316
1021
33200
18375
18376
26473
19029
10901
10902
10903
8389
7983
5386
5387
13234
13235
10444
10388
18388
9494
9495
33659
17950
17951
18698
12703
18649
32418
28935
34437
35307
35308
33098
33099
18976
24156
8217
12932
12933
12934
13523
34096
34097
34098
18171
18172
226
23219
23220
33146
33147
33148
18955
35261
34934
11423
11424
11455
11458
19655
19656
19657
19658
19659
19660
19661
19662
28161
28162
15496
1099
34099
33842
33843
19364
26539
19107
8515
220
221
222
223
28492
28493
28494
28495
28496
28497
28498
28499
8335
19033
19034
28163
14546
8610
8612
8613
19407
32509
18539
18451
1798
14591
26924
26925
26926
26929
26930
26931
26936
26937
35126
17984
22728
22729
22730
22731
22732
10645
10646
10647
10648
10649
10650
10651
10657
10674
10676
10677
10679
10683
10684
10685
10688
10689
13281
34901
34902
8004
18198
17651
32427
23128
23129
23130
23131
18452
5230
5231
5232
5233
5234
5235
5236
5237
5238
15220
32325
244
7754
13494
20471
7744
7745
7746
7748
34713
27683
11162
11165
11167
11168
11169
11170
11171
11172
11173
11174
11175
11176
11177
11200
11201
11204
11205
11207
11216
11218
11222
11230
11243
11244
11245
11258
11259
11260
11261
11262
11264
11265
11266
11267
27115
27116
27117
15260
15261
18838
19148
19149
34689
18174
18175
32377
32378
32379
5020
5021
19341
19342
19212
19213
34452
34453
34454
36790
29043
29044
35242
8199
26878
12743
12744
12745
36052
12816
26510
18050
35133
18441
32010
27350
35013
30888
27208
27209
18377
18378
18379
15304
18407
29091
29093
35038
35039
35040
13791
13792
13793
13794
13795
13796
13797
13798
13799
13800
13801
13802
8065
8066
8067
8300
8119
31
8402
26419
34436
20024
2364
2365
2366
7568
7569
19879
13347
13348
13349
32380
8103
8104
8108
8109
8110
8111
108
109
25424
25425
25426
36843
36844
36845
18498
18499
33779
25650
25651
27220
31923
31924
12690
2551
32329
5361
5362
5363
5365
5367
5368
5369
5370
5372
5373
5374
5375
5376
5377
5378
32072
33318
33319
26943
19077
19078
19079
18747
27754
35258
18356
30818
9098
35211
19086
18552
9283
9284
9285
9286
9287
6151
6152
17726
9557
27504
27505
27694
27695
27696
27697
27698
33116
33117
15256
15678
13829
13830
13832
28383
28384
8429
18413
34870
34871
34872
34078
27155
33841
15299
19699
35243
28536
15468
18659
33776
35111
35112
35113
35114
35115
35116
19752
19753
10584
15657
19011
19012
27718
27719
9559
17825
35034
17719
35472
20456
20457
20459
20460
5534
19210
19211
18723
33791
18748
18199
35134
18477
18478
18501
18502
18503
24059
24060
24064
33894
27335
10896
10904
10905
10906
10907
10908
10909
10911
10918
10923
10924
10925
10926
10927
10928
8011
2516
32406
32407
32408
32409
32410
32411
32412
32413
19374
19375
19376
19377
19378
19379
19380
19381
19384
19385
19388
19389
19390
19393
19395
19399
19401
19402
19403
19404
19405
19406
34320
34321
34322
34323
34326
34327
18051
35139
35140
35141
35142
8017
27223
19365
23266
23267
23268
33865
18541
18542
18543
7581
7582
7583
7584
7585
7586
7587
7588
7589
7591
14427
14428
18403
35124
35117
35118
26915
26916
7663
9354
25016
25017
25018
25019
25020
25021
25022
25023
25024
25025
25026
25027
25028
25029
25032
25033
25034
25036
25037
25051
25052
25053
25054
25055
25056
25059
25060
25061
25063
25064
11123
18405
23397
31952
18654
11306
11307
11308
31978
31979
31980
31981
31982
31983
31984
31985
18645
8287
15329
26894
26895
26896
26897
1058
1059
17711
19447
19448
19449
19452
19453
19454
19455
19457
19458
18454
5015
5016
19502
19503
23270
5246
5247
5248
5249
5250
26426
26428
35024
27324
28521
35042
34671
34672
34673
18657
8401
14436
18887
17831
30797
30798
30799
19892
27473
18059
34950
34951
33330
33331
19015
8293
18445
5051
23279
23280
7592
7593
7594
7595
7596
35097
35098
18444
5436
28342
19893
19894
19895
19898
19899
19902
19903
19910
23261
26740
13213
32087
32088
32089
10820
10821
10822
10823
10824
10825
10827
10828
10829
10834
10835
10836
10837
10838
10839
10840
10847
10848
10849
10850
10851
10852
10855
10860
10862
10863
10864
10865
10869
10870
10884
10885
10887
10888
