18419
34671
34672
34673
19890
33839
7950
34440
34712
19015
15684
15685
15686
8338
19318
15792
17825
32458
32459
32460
32461
32462
32463
32464
32465
33771
3300
3301
27707
27708
27709
27710
27713
13177
13183
13184
13185
17819
17820
17821
17822
35048
27327
26429
26430
27629
29000
28254
28255
28258
28262
28263
28264
28265
28266
18448
18722
18158
15352
18932
15255
29045
29046
29047
29048
29049
29050
29051
29052
29053
29054
29055
29056
29057
29058
18457
24921
24922
29332
29333
29334
30884
33935
12810
32106
32107
32108
5425
5426
8120
8121
8122
8123
8124
23263
23264
23265
23397
18349
19085
27219
13846
13847
24710
13228
26536
26537
26538
15204
30913
30914
30915
30916
30917
30918
30919
30920
7549
7550
1798
27900
36788
26373
28521
19676
30951
33761
13782
17089
17090
17091
32373
18458
28203
28204
28205
28206
28208
28209
28210
28211
28212
28213
34182
34605
32023
20456
20457
20459
20460
17930
18431
33371
19673
19674
19675
28491
8637
8638
35264
8577
33860
19751
26738
12704
33894
18441
18357
18358
34904
34905
34906
34907
34908
34909
34910
34911
15741
33930
19016
19017
19018
26404
18053
25533
8429
33768
18994
8335
17682
15578
15579
15580
15581
15583
15584
15587
27366
34689
18695
18696
18697
26924
26925
26926
26929
26930
26931
26936
26937
18916
18917
18918
10369
10370
32196
32198
18354
1023
18477
18478
15527
13490
13491
24854
20491
20492
20493
28344
24945
24947
24951
24952
23950
23951
14445
14448
31969
35107
35108
18998
8017
19971
27344
27345
27346
32290
32291
32292
32294
32295
32296
15307
15308
12824
15496
27212
33054
33055
33056
15755
15756
2548
2549
2550
32230
18754
26424
26425
18583
18584
32374
28001
12746
12747
12748
33776
9229
10339
33783
8411
8412
18538
28478
28479
35150
35151
27694
27695
27696
27697
27698
24630
24631
27891
27892
27893
7963
18658
33219
33220
33221
32596
5262
5263
30958
18356
8519
8520
8521
8522
8523
8525
33016
33017
33018
15652
15653
15654
8085
8086
12689
19004
17877
17878
31971
18891
18892
30885
30886
18957
18958
20494
20495
20496
19511
28537
2546
2547
28027
28028
18884
18885
18886
35174
35175
32165
32166
32167
10444
35382
18757
15489
15372
8415
8416
8417
8418
8419
8420
8421
25635
34700
27462
18703
27115
27116
27117
27654
8344
8345
8346
24515
36786
36787
34661
19475
33060
33061
15757
15758
15761
15762
35156
28127
28128
18925
18926
34422
34423
31
35472
23334
9260
9261
9262
9263
9264
9265
9266
9267
9268
9269
9270
9271
5240
5241
34438
27331
7658
23325
31955
28091
27134
27135
18933
8687
7700
15477
15478
15480
15481
15483
18656
33119
34717
34718
35166
35167
33880
35255
35256
35257
1766
35017
35018
35019
18650
8403
8404
8405
8406
28150
33884
35013
8339
35540
35541
18432
7954
7955
7956
18537
7657
13493
35261
19752
19753
18638
30858
30859
30860
30861
30862
30863
30864
30865
30866
30867
30868
30869
14566
18639
18768
18769
18770
34459
12772
30943
9255
9256
9257
8401
18587
9401
8413
8368
22926
22927
18613
33320
33321
33322
33323
18409
19030
13242
13243
13244
13245
18760
18652
33837
12692
7744
7745
7746
7748
33129
34873
32427
18471
35103
24838
35193
35194
19374
19375
19376
19377
19378
19379
19380
19381
19384
19385
19388
19389
19390
19393
19395
19399
19401
19402
19403
19404
19405
19406
14425
35269
35270
18498
18499
35005
28191
34394
11089
11090
30748
28176
28177
19000
35244
27769
27680
27224
28538
28539
18876
18877
23373
15678
33150
18750
9391
281
5015
5016
19912
7555
7556
7557
7558
18724
35340
35342
20466
20468
20469
27283
27284
27285
27286
27287
18518
18519
35338
9359
9360
32024
32025
28938
26742
26743
27434
27435
27436
35038
35039
35040
34977
34978
34979
32229
28178
28179
5246
5247
5248
5249
5250
31978
31979
31980
31981
31982
31983
31984
31985
9557
26490
13572
35307
35308
13240
13241
7945
18461
13501
33039
26510
18513
32350
32351
32352
32353
32354
32355
32356
32357
32358
32359
32360
32361
33772
27428
27429
46
34984
34377
34378
23201
23202
17004
26543
26409
26410
26411
18425
18469
3335
18654
33937
6033
32329
8409
8410
9406
28137
13202
35232
33931
18747
34433
18969
18970
12827
34660
18406
9225
22931
33330
33331
7750
7751
18997
19094
13151
13152
13153
13154
13155
13157
13158
25636
33891
33892
8217
18449
9097
28356
28357
28358
28359
17156
26758
18456
18439
9372
17974
28535
33774
33775
23241
30912
27167
2389
11016
12750
12751
34931
34932
10406
11929
11930
11931
11932
11933
11934
35047
19319
33121
18924
23368
32380
33201
32368
32369
32370
19967
24745
24747
32010
17766
17767
17768
17769
12731
12732
12733
12734
7570
8253
8254
8255
8256
8257
8258
20477
35764
35765
35766
27301
32008
19153
19154
19155
18894
18895
18896
1091
1092
1093
17651
32347
8651
32336
32337
32338
18988
18645
6114
6115
6116
18403
34711
35350
9640
12724
12725
12726
28395
28396
10584
35592
33189
33190
5260
9576
9577
9578
32071
34296
34297
34298
34300
34301
34302
34303
34304
34305
34306
34307
18366
30940
30941
28519
28520
18665
19105
19106
8027
28360
28361
12422
15466
18353
18975
26879
27280
23258
34716
30745
30746
30747
8390
8391
8392
8393
8394
8397
8398
9361
9362
18151
18152
27349
1040
18375
18376
70
18413
18445
24730
24731
24732
24733
35306
18666
34713
8295
33934
30910
30911
7991
2311
2312
2313
2314
25424
25425
25426
235
17961
17962
17963
17964
36846
22737
22738
19689
17719
18418
8328
27090
27091
27092
27093
27094
27096
27098
27099
27100
1781
19093
26545
34099
32367
19077
19078
19079
8585
18342
33803
33804
33805
33806
35126
7664
7665
7669
26921
26922
32466
32430
32431
19087
19088
32415
18655
15342
15301
24739
24740
24741
24742
34562
30825
30826
19365
15468
35046
19769
19770
19771
19772
13489
35133
32345
32346
13523
13352
13353
28340
1021
35137
33173
32087
32088
32089
7603
7604
33933
8294
9378
9379
35262
27343
27545
18427
23251
27749
9325
26371
26372
26406
35000
13791
13792
13793
13794
13795
13796
13797
13798
13799
13800
13801
13802
32178
32179
32180
35051
34964
10368
35359
6151
6152
36051
8015
18402
33130
33131
33019
18388
17831
25287
13507
13508
18727
35512
35513
34930
35117
35118
34439
33932
35344
36818
32021
32807
11375
11376
11377
11378
11379
11380
35239
27898
236
13282
14408
1014
13568
18229
30901
11306
11307
11308
18893
33654
17711
18438
27002
27003
33754
33755
33756
7553
7554
18213
18646
35242
8631
18147
18148
18149
18150
15282
35392
27683
19005
17931
27294
27295
27296
27297
13337
13500
12416
25850
25851
25852
25853
25856
25861
13197
27481
27482
19029
13167
18412
18391
15329
18447
33020
23266
23267
23268
13201
26891
26943
19717
18721
13175
18454
26949
26950
26951
26952
26953
26961
26968
26969
26971
26972
26973
26974
26981
26982
26983
12942
12943
27655
27656
27657
28074
28075
33800
32381
19765
19766
19767
19768
18050
9098
32528
17649
17650
27278
27279
5042
18838
7568
7569
33375
18450
13347
13348
13349
29039
29040
29041
29042
29059
29060
29067
29068
29071
32159
33222
34411
34412
34413
20521
2551
17720
17721
28243
28244
28245
28248
28249
28250
28251
25141
26367
1032
1033
1034
