870
871
872
873
874
875
7492
7493
7494
7495
7496
7497
7498
7499
7500
7501
10227
10228
3262
3267
3268
3269
3270
3271
4921
3272
7281
7282
7283
7284
7285
7286
3921
4073
4074
8546
9342
9343
9344
9345
7276
7277
7278
7279
3723
3724
7413
7415
7416
7417
7418
7419
7422
7423
7430
7431
7450
7452
7454
7455
7456
7457
7458
7460
7461
7462
7463
7464
7465
7467
7468
7469
7470
7471
7472
7473
4244
4245
4246
4247
4248
4249
4250
4251
4253
4254
4255
4256
4257
4258
4259
4260
4262
4263
3811
7323
7324
7325
7326
7327
5928
5929
5930
5931
5933
7403
7404
7405
7406
7407
8554
9718
9719
9720
9721
9724
9725
9726
11047
11048
11049
11050
11051
11052
11053
11054
11055
11056
11057
11058
5927
6026
6027
3970
3971
3976
3977
3978
3979
3980
3983
3984
7345
7346
7347
7348
7349
7350
7351
7352
7353
7354
7355
7356
7357
7358
8912
8913
11032
11033
11034
11035
11036
11037
11038
11039
11040
4089
4090
8503
8516
8517
865
866
867
868
869
6346
6347
6348
6349
6350
6351
6103
6104
3996
3926
3927
2347
2348
8460
8461
8462
8463
8470
8477
8478
8479
8480
8484
8487
8488
7379
8916
2659
2660
3223
3225
3226
3227
3228
3229
3230
3232
8106
10555
10556
10557
10558
10559
10560
10561
10562
10563
10564
10565
10567
561
562
563
564
903
904
905
10200
10201
10202
10203
10204
10205
10206
10207
10210
10211
10212
10213
3942
3943
3944
3945
3747
4091
4092
4096
4100
4101
4111
4112
3671
3672
2965
2966
2967
2968
2970
2971
2972
2974
2975
8390
3286
3290
3291
3292
3293
3294
6304
6314
6315
6316
8691
8692
8694
4834
4838
4839
4840
4841
4842
4843
4844
4845
8989
6368
6369
6370
6371
6372
6373
6375
6376
6377
5947
5948
5949
5950
9978
9979
9980
9981
9986
9987
9988
9989
9990
830
831
832
833
834
835
836
837
838
842
846
847
848
849
850
851
852
853
854
855
856
857
858
859
860
861
862
863
864
7387
7388
7389
6222
6223
6224
6225
6226
6229
6230
10268
7331
5962
2976
2977
2978
2979
2980
2981
2983
2984
11059
11060
11062
11063
11064
11065
11066
11067
11069
11070
9710
9711
9715
9716
9717
9757
9758
9760
9761
3134
3135
3136
3137
3025
3026
3028
3029
3030
3031
3032
3035
3036
3037
3038
3039
3040
3042
3043
3073
3074
3080
3081
3082
3083
3084
3085
3086
3087
3088
3089
3090
3092
3095
3096
3097
3098
3099
7280
6378
6384
10549
11122
11123
11124
2437
7578
7579
7580
7581
7582
7583
7584
7585
7586
7588
9834
10229
10230
10231
10262
6237
6238
6239
6240
6241
6244
6245
4791
4792
4793
4794
4795
4799
4800
4801
4804
9796
8047
4830
4832
4833
5896
5897
5898
5899
5900
5901
5902
5903
5904
5905
5906
8917
8918
8919
8920
8921
7367
881
7382
7383
7384
7385
7386
2255
2256
2257
3357
9784
9785
9789
9790
9791
9792
9793
9794
9768
9769
9772
9773
9774
9775
9776
9777
9778
9779
9780
9782
9783
892
9963
9964
9965
9966
9971
9972
9973
9974
9975
9976
9977
3934
3935
3936
3937
3966
3967
3968
3969
3938
3939
3940
3941
5951
5952
5953
5956
5957
5958
5959
5960
5961
3282
3283
3284
3285
8125
6777
2723
2724
7510
7512
7513
7514
7515
7516
7519
7520
7521
7522
7529
7530
7549
7551
7553
7554
7555
7556
7557
7558
7559
7560
7561
7562
7563
7564
7565
7567
7568
7569
7570
7571
7572
7573
7574
7575
3922
3923
8072
8073
8074
8075
8077
8078
2340
2341
7591
7592
7593
7594
7598
7599
7600
7603
7604
7605
7606
7607
7608
6184
6185
6186
6187
894
11120
11121
8914
577
578
584
585
591
592
593
594
3928
3929
10550
10551
10552
3804
10030
10031
10032
10035
10036
10037
7268
7337
7338
7340
7341
7342
6433
6434
6435
6436
6437
6438
6439
6440
895
896
897
898
2439
2440
2441
2442
2443
2444
2445
2446
2447
2448
2449
2450
2451
2452
2453
2454
3989
11116
11117
11118
11119
9935
9936
9937
9938
9943
9944
9945
9946
9947
9948
9949
1898
1899
1901
1902
1903
1904
1905
1907
1912
1919
1920
1921
8860
8861
8863
8864
8865
8866
8867
8868
8869
8870
8871
8872
8873
8874
8875
8876
8877
8878
8879
8880
8881
8882
8883
8884
8885
8886
8887
8888
9735
9736
9737
9738
9741
9742
9743
4052
4053
4054
4055
3133
8990
3806
2736
2737
2738
2739
2740
2741
0
1
2
3
4
5
6
7
8
9
10
11
12
13
14
15
16
17
18
19
20
21
22
23
24
25
26
27
28
29
30
31
32
33
34
35
36
37
38
39
40
41
42
43
44
45
46
47
48
49
50
51
52
53
54
55
56
57
58
59
2987
2988
2989
2990
2991
2992
2993
2994
2995
2996
2997
2998
2999
3000
3001
3002
3003
3805
3236
3237
3238
3239
3240
3241
3242
2242
2243
2244
2246
6233
6234
6236
2726
2727
2728
2729
2730
2731
2732
2733
2734
2735
3148
3149
3152
3153
3154
3155
3158
3159
3160
3161
3162
3163
3164
3165
3166
3167
3168
3169
3170
3171
3172
3173
3182
3184
3185
3186
3187
3188
3189
3190
10554
573
574
575
576
4058
4059
4060
4061
4062
6317
6318
6319
8521
686
687
5018
7312
7313
7314
7315
7316
6751
6752
6754
6755
6759
6761
548
8523
8524
8525
8050
8051
8053
8054
8055
8056
8058
8059
8060
8061
8062
8063
8064
8065
8066
8067
8068
8069
8070
8071
6320
6321
6328
6329
8991
11125
8265
8266
8267
8268
8269
8270
8271
8272
8273
8274
8275
8127
8128
8129
8130
8131
8132
8133
8134
8135
8136
8139
8140
8145
8146
8147
8148
8149
8150
8151
8152
8153
8154
8155
8156
8157
8158
8159
8160
8161
8162
3946
3947
3948
3949
4071
4072
3778
3779
3742
3743
4056
4057
725
899
900
901
902
8809
8810
8812
8813
8814
8815
8816
8817
8818
8819
8820
8821
8822
8823
8824
8825
8826
8827
8828
8830
8831
10263
10936
10937
5893
6422
6423
6424
6425
6426
6427
6428
6429
6430
6431
6432
2438
665
666
667
668
669
670
671
674
675
676
677
678
679
680
683
