3747
4015
4016
4017
4018
4019
4020
4021
4022
4023
10554
7317
7320
7321
7322
11125
4830
4832
4833
5962
3842
3843
2726
2727
2728
2729
2730
2731
2732
2733
2734
2735
2438
8990
686
687
2093
2987
2988
2989
2990
2991
2992
2993
2994
2995
2996
2997
2998
2999
3000
3001
3002
3003
2178
2179
2180
2181
2182
4834
4838
4839
4840
4841
4842
4843
4844
4845
9710
9711
9715
9716
9717
9267
2736
2737
2738
2739
2740
2741
7359
7360
7361
7362
7363
7364
7365
7366
4122
4071
4072
3138
3139
3141
3142
3143
3144
3796
3797
5951
5952
5953
5956
5957
5958
5959
5960
5961
6544
6545
6546
6547
6548
6550
6551
5895
561
562
563
564
644
645
646
647
648
649
650
651
652
653
654
655
656
657
658
659
660
661
662
663
8390
3746
3798
3799
870
871
872
873
874
875
9923
9924
9925
9926
9931
9932
9933
9934
3044
3045
3046
3047
3048
3049
3054
3055
3056
3057
3058
3059
3060
3061
3066
3067
3069
3070
3072
2147
2148
2149
2150
2151
2152
2153
2154
2155
2156
2157
2158
2159
2160
2161
2162
2163
2164
2165
2166
2167
2168
2169
2170
2171
2172
2173
2174
2175
2176
2177
10549
4091
4092
4096
4100
4101
4111
4112
2723
2724
8989
616
617
618
619
620
621
622
623
624
11032
11033
11034
11035
11036
11037
11038
11039
11040
10226
6304
6314
6315
6316
9935
9936
9937
9938
9943
9944
9945
9946
9947
9948
9949
11122
11123
11124
8402
8403
8404
10200
10201
10202
10203
10204
10205
10206
10207
10210
10211
10212
10213
3025
3026
3028
3029
3030
3031
3032
3035
3036
3037
3038
3039
3040
3042
3043
9963
9964
9965
9966
9971
9972
9973
9974
9975
9976
9977
10555
10556
10557
10558
10559
10560
10561
10562
10563
10564
10565
10567
6433
6434
6435
6436
6437
6438
6439
6440
664
8216
10196
10197
10198
10199
5018
6422
6423
6424
6425
6426
6427
6428
6429
6430
6431
6432
6331
6332
6333
6338
6339
6340
3744
3745
3780
3781
3766
3767
3768
7345
7346
7347
7348
7349
7350
7351
7352
7353
7354
7355
7356
7357
7358
9991
9992
9993
9994
9999
10000
10001
10002
10003
2657
2658
5063
5064
2237
2239
2240
2241
6188
6189
6190
6191
6192
5927
11116
11117
11118
11119
3989
60
9768
9769
9772
9773
9774
9775
9776
9777
9778
9779
9780
9782
9783
10264
10265
9688
9689
9692
9693
9694
9695
9696
9697
9698
9699
9700
3125
3126
3127
3128
3129
3130
3206
3207
6491
6378
6384
6184
6185
6186
6187
3272
9796
6778
6346
6347
6348
6349
6350
6351
3720
3721
3722
3966
3967
3968
3969
6105
6777
4791
4792
4793
4794
4795
4799
4800
4801
4804
7381
865
866
867
868
869
7510
7512
7513
7514
7515
7516
7519
7520
7521
7522
7529
7530
7549
7551
7553
7554
7555
7556
7557
7558
7559
7560
7561
7562
7563
7564
7565
7567
7568
7569
7570
7571
7572
7573
7574
7575
9339
9341
9795
635
636
637
638
639
640
641
642
643
4905
4906
4907
4908
4909
4910
4911
4912
1896
1897
8576
8577
8503
8516
8517
830
831
832
833
834
835
836
837
838
842
846
847
848
849
850
851
852
853
854
855
856
857
858
859
860
861
862
863
864
4123
11127
937
938
4113
4114
4115
4117
4118
4119
4120
10030
10031
10032
10035
10036
10037
8915
4198
4199
4200
4201
4202
4203
4204
4205
4206
4207
4208
4209
4210
4211
4212
4213
4214
4215
4216
4217
4218
4219
4220
4221
4222
4223
4244
4245
4246
4247
4248
4249
4250
4251
4253
4254
4255
4256
4257
4258
4259
4260
4262
4263
2242
2243
2244
2246
9757
9758
9760
9761
7591
7592
7593
7594
7598
7599
7600
7603
7604
7605
7606
7607
7608
510
513
514
516
517
518
519
520
521
522
524
544
8392
893
8523
8524
8525
10553
10038
10039
10040
10043
10044
10045
8521
9978
9979
9980
9981
9986
9987
9988
9989
9990
10268
8046
2659
2660
7259
7260
3954
3955
3956
3957
9910
9911
9912
9913
9918
9919
9920
9921
9922
8391
3133
10263
4077
4078
4079
4080
4081
4082
3805
2965
2966
2967
2968
2970
2971
2972
2974
2975
3666
3667
3668
4089
4090
5014
6452
6453
6454
6455
6456
6457
8643
5019
3928
3929
3788
3789
3295
3296
3297
3298
3299
3300
3301
3302
3303
3304
3671
3672
8125
3017
3018
3019
3020
3021
3022
3024
9727
9731
9732
9733
9734
6233
6234
6236
7377
7378
7271
7272
7273
7274
7275
9705
9707
9708
9709
8991
876
877
878
879
880
4058
4059
4060
4061
4062
6553
10938
10939
10941
10942
10943
10944
10945
10946
10947
10949
10953
10954
10955
10956
10957
10958
10959
10960
10961
10962
10963
10964
10965
10966
10967
10968
10969
10970
10972
10973
10974
10975
10976
10977
10978
10979
10983
10985
10990
10991
10994
8489
8490
8492
8493
8495
8496
8497
8498
8499
8500
8501
7328
8126
8265
8266
8267
8268
8269
8270
8271
8272
8273
8274
8275
9701
9703
9704
6761
10229
10230
10231
10262
548
3930
3931
2255
2256
2257
4825
4827
4828
4829
7280
8554
6779
6780
6781
3942
3943
3944
3945
8189
8190
8191
8192
8193
8194
8195
10221
10222
10223
10224
10225
4920
714
715
716
717
718
10004
10005
10006
10007
10012
10013
10014
10015
10016
10017
10018
7578
7579
7580
7581
7582
7583
7584
7585
7586
7588
2347
2348
3236
3237
3238
3239
3240
3241
3242
5928
5929
5930
5931
5933
7382
7383
7384
7385
7386
8413
8414
8415
4083
4084
10019
10020
10021
10024
10025
10026
10027
10028
10029
3806
4000
4001
4002
4003
4009
4010
4011
4012
4013
4014
7394
7395
7397
7398
8860
8861
8863
8864
8865
8866
8867
8868
8869
8870
8871
8872
8873
8874
8875
8876
8877
8878
8879
8880
8881
8882
8883
8884
8885
8886
8887
8888
8691
8692
8694
8460
8461
8462
8463
8470
8477
8478
8479
8480
8484
8487
8488
8644
8645
8675
8676
3356
719
720
721
722
723
724
550
3934
3935
3936
3937
3804
7281
7282
7283
7284
7285
7286
10214
10215
10216
10217
10218
10219
7337
7338
7340
7341
7342
7331
7268
7367
10936
10937
8917
8918
8919
8920
8921
6809
551
3742
3743
4817
4821
4822
4823
4824
3148
3149
3152
3153
3154
3155
3158
3159
3160
3161
3162
3163
3164
3165
3166
3167
3168
3169
3170
3171
3172
3173
3182
3184
3185
3186
3187
3188
3189
3190
7304
7305
7307
7308
7309
7310
7311
7502
7503
7504
7505
7506
7507
7508
7509
4066
4067
7413
7415
7416
7417
7418
7419
7422
7423
7430
7431
7450
7452
7454
7455
7456
7457
7458
7460
7461
7462
7463
7464
7465
7467
7468
7469
7470
7471
7472
7473
7492
7493
7494
7495
7496
7497
7498
7499
7500
7501
9718
9719
9720
9721
9724
9725
9726
8245
8246
8247
8248
8249
8252
8253
8254
8255
3996
6056
6057
6058
6059
6060
6061
6062
6063
6064
6065
6066
6067
6068
6069
6070
6071
6090
6091
6092
6093
6094
6095
6101
6102
9268
9269
9270
9271
9272
9275
9279
9280
9281
9282
9283
9284
9285
9286
9287
9288
9289
9290
9291
9292
9293
9294
9295
9296
9297
9298
9299
9300
9302
9303
9304
9305
9306
9307
9308
9309
9310
9311
9312
9313
9314
9315
9316
9317
9318
9319
9320
9321
9322
9323
9324
9326
9327
9328
9329
9330
7239
7240
7368
7369
7370
3922
3923
3924
3925
0
1
2
3
4
5
6
7
8
9
10
11
12
13
14
15
16
17
18
19
20
21
22
23
24
25
26
27
28
29
30
31
32
33
34
35
36
37
38
39
40
41
42
43
44
45
46
47
48
49
50
51
52
53
54
55
56
57
58
59
