903
904
905
10030
10031
10032
10035
10036
10037
10229
10230
10231
10262
9784
9785
9789
9790
9791
9792
9793
9794
8072
8073
8074
8075
8077
8078
6761
3798
3799
4768
4015
4016
4017
4018
4019
4020
4021
4022
4023
4058
4059
4060
4061
4062
7778
7780
7781
7782
7783
7784
7785
7786
7790
7791
7792
7793
7794
7795
7796
7797
7798
7799
7800
7801
7802
7808
7811
7812
7813
7814
7815
7816
7817
7818
7819
7820
7821
7822
7823
7824
7825
7826
7827
7828
7829
7830
7831
7832
7833
7834
7835
7836
7837
7838
2147
2148
2149
2150
2151
2152
2153
2154
2155
2156
2157
2158
2159
2160
2161
2162
2163
2164
2165
2166
2167
2168
2169
2170
2171
2172
2173
2174
2175
2176
2177
4091
4092
4096
4100
4101
4111
4112
4834
4838
4839
4840
4841
4842
4843
4844
4845
7317
7320
7321
7322
9735
9736
9737
9738
9741
9742
9743
6056
6057
6058
6059
6060
6061
6062
6063
6064
6065
6066
6067
6068
6069
6070
6071
6090
6091
6092
6093
6094
6095
6101
6102
2242
2243
2244
2246
10200
10201
10202
10203
10204
10205
10206
10207
10210
10211
10212
10213
6777
937
938
2965
2966
2967
2968
2970
2971
2972
2974
2975
3025
3026
3028
3029
3030
3031
3032
3035
3036
3037
3038
3039
3040
3042
3043
686
687
881
4000
4001
4002
4003
4009
4010
4011
4012
4013
4014
5928
5929
5930
5931
5933
551
0
1
2
3
4
5
6
7
8
9
10
11
12
13
14
15
16
17
18
19
20
21
22
23
24
25
26
27
28
29
30
31
32
33
34
35
36
37
38
39
40
41
42
43
44
45
46
47
48
49
50
51
52
53
54
55
56
57
58
59
5014
8047
8050
8051
8053
8054
8055
8056
8058
8059
8060
8061
8062
8063
8064
8065
8066
8067
8068
8069
8070
8071
6361
6362
6363
6364
6365
6366
6367
8521
635
636
637
638
639
640
641
642
643
8916
3236
3237
3238
3239
3240
3241
3242
2347
2348
7304
7305
7307
7308
7309
7310
7311
8189
8190
8191
8192
8193
8194
8195
3744
3745
6320
6321
6328
6329
7269
7270
2726
2727
2728
2729
2730
2731
2732
2733
2734
2735
3782
3783
3760
3761
3762
601
7589
7590
6103
6104
10264
10265
8523
8524
8525
9910
9911
9912
9913
9918
9919
9920
9921
9922
9718
9719
9720
9721
9724
9725
9726
7323
7324
7325
7326
7327
3017
3018
3019
3020
3021
3022
3024
1898
1899
1901
1902
1903
1904
1905
1907
1912
1919
1920
1921
6422
6423
6424
6425
6426
6427
6428
6429
6430
6431
6432
2976
2977
2978
2979
2980
2981
2983
2984
8643
3811
3666
3667
3668
8127
8128
8129
8130
8131
8132
8133
8134
8135
8136
8139
8140
8145
8146
8147
8148
8149
8150
8151
8152
8153
8154
8155
8156
8157
8158
8159
8160
8161
8162
60
865
866
867
868
869
3766
3767
3768
7408
7409
7410
7411
7412
3073
3074
3080
3081
3082
3083
3084
3085
3086
3087
3088
3089
3090
3092
3095
3096
3097
3098
3099
3932
3933
6210
6211
6212
6213
6214
6215
6216
6217
3723
3724
3282
3283
3284
3285
6105
7379
3272
6544
6545
6546
6547
6548
6550
6551
6714
6715
6716
6779
6780
6781
10550
10551
10552
546
547
3148
3149
3152
3153
3154
3155
3158
3159
3160
3161
3162
3163
3164
3165
3166
3167
3168
3169
3170
3171
3172
3173
3182
3184
3185
3186
3187
3188
3189
3190
561
562
563
564
8912
8913
3902
3903
3905
3906
3907
3908
3909
3910
3911
3912
3913
3914
3915
3916
3917
3918
3919
3920
7502
7503
7504
7505
7506
7507
7508
7509
8125
3279
10555
10556
10557
10558
10559
10560
10561
10562
10563
10564
10565
10567
6304
6314
6315
6316
3958
3959
3960
3961
10196
10197
10198
10199
644
645
646
647
648
649
650
651
652
653
654
655
656
657
658
659
660
661
662
663
10267
3295
3296
3297
3298
3299
3300
3301
3302
3303
3304
8900
8901
8903
8904
8905
8906
8907
8908
8909
8910
8911
8550
8551
8552
8832
8834
8835
8836
8837
8838
8839
8840
8841
8842
8843
8844
8845
8846
8847
8848
8849
8850
8851
8852
8853
8854
8855
8856
8857
8858
8859
3720
3721
3722
4113
4114
4115
4117
4118
4119
4120
8860
8861
8863
8864
8865
8866
8867
8868
8869
8870
8871
8872
8873
8874
8875
8876
8877
8878
8879
8880
8881
8882
8883
8884
8885
8886
8887
8888
891
8576
8577
8784
8785
8788
8789
8790
8791
8792
8793
8794
8795
8796
8797
8798
8799
8800
8801
8802
8803
8805
8806
8807
8808
3262
3267
3268
3269
3270
3271
7230
7231
6553
10936
10937
3243
2093
5063
5064
7611
7612
7613
7614
3985
3987
3988
3842
3843
10214
10215
10216
10217
10218
10219
3286
3290
3291
3292
3293
3294
5065
5895
6317
6318
6319
2343
2344
2345
6218
6219
6220
6221
4788
4789
4790
3725
3726
5907
5908
5909
5910
5911
9339
9341
11047
11048
11049
11050
11051
11052
11053
11054
11055
11056
11057
11058
7264
7265
7266
10549
5890
5891
5892
3921
8915
2178
2179
2180
2181
2182
8392
7382
7383
7384
7385
7386
2364
2366
2367
2368
2369
2370
2373
2374
5912
5913
5919
5920
5921
5922
5923
5924
5925
5926
3223
3225
3226
3227
3228
3229
3230
3232
11122
11123
11124
9834
9267
8691
8692
8694
4056
4057
6778
7345
7346
7347
7348
7349
7350
7351
7352
7353
7354
7355
7356
7357
7358
5894
6762
6763
6764
6765
6766
6767
6768
6769
6770
6771
6772
6774
2340
2341
3942
3943
3944
3945
3796
3797
3934
3935
3936
3937
3962
3963
3964
3965
9768
9769
9772
9773
9774
9775
9776
9777
9778
9779
9780
9782
9783
7224
7225
6452
6453
6454
6455
6456
6457
6760
4830
4832
4833
10226
8196
8197
8198
8199
8200
8201
8202
8203
8204
8205
8206
8207
4066
4067
4064
4065
2657
2658
5066
4825
4827
4828
4829
6233
6234
6236
10268
8208
8209
8210
8211
3997
3998
3999
3966
3967
3968
3969
3938
3939
3940
3941
3806
573
574
575
576
11059
11060
11062
11063
11064
11065
11066
11067
11069
11070
8914
4244
4245
4246
4247
4248
4249
4250
4251
4253
4254
4255
4256
4257
4258
4259
4260
4262
4263
7367
8183
8184
8185
8188
10554
7413
7415
7416
7417
7418
7419
7422
7423
7430
7431
7450
7452
7454
7455
7456
7457
7458
7460
7461
7462
7463
7464
7465
7467
7468
7469
7470
7471
7472
7473
3780
3781
3970
3971
3976
3977
3978
3979
3980
3983
3984
6809
3044
3045
3046
3047
3048
3049
3054
3055
3056
3057
3058
3059
3060
3061
3066
3067
3069
3070
3072
11116
11117
11118
11119
8990
9923
9924
9925
9926
9931
9932
9933
9934
4085
4086
4087
4088
7359
7360
7361
7362
7363
7364
7365
7366
3950
3951
3952
3953
10221
10222
10223
10224
10225
10004
10005
10006
10007
10012
10013
10014
10015
10016
10017
10018
2237
2239
2240
2241
616
617
618
619
620
621
622
623
624
8124
4063
3356
3134
3135
3136
3137
6443
6258
6259
6260
6261
6262
6283
6284
6285
6286
6289
6290
6291
6292
6293
6294
6295
6296
6297
6298
6299
6301
6302
6303
