6341
6342
6343
6344
8554
10194
7271
7272
7273
7274
7275
6026
6027
7413
7415
7416
7417
7418
7419
7422
7423
7430
7431
7450
7452
7454
7455
7456
7457
7458
7460
7461
7462
7463
7464
7465
7467
7468
7469
7470
7471
7472
7473
3930
3931
8127
8128
8129
8130
8131
8132
8133
8134
8135
8136
8139
8140
8145
8146
8147
8148
8149
8150
8151
8152
8153
8154
8155
8156
8157
8158
8159
8160
8161
8162
7287
7288
7289
7292
7293
7296
7297
7298
7299
7301
7382
7383
7384
7385
7386
2237
2239
2240
2241
1896
1897
8521
2242
2243
2244
2246
6544
6545
6546
6547
6548
6550
6551
5065
6760
3666
3667
3668
9991
9992
9993
9994
9999
10000
10001
10002
10003
9342
9343
9344
9345
2723
2724
6304
6314
6315
6316
4788
4789
4790
548
7611
7612
7613
7614
3796
3797
9705
9707
9708
9709
3125
3126
3127
3128
3129
3130
10550
10551
10552
7502
7503
7504
7505
7506
7507
7508
7509
3985
3987
3988
8915
2251
2252
11116
11117
11118
11119
4089
4090
7323
7324
7325
7326
7327
3825
3826
3827
7368
7369
7370
899
900
901
902
9890
9891
9892
9893
9898
9899
9900
9901
9902
9903
9904
9905
9906
9907
9908
9909
7230
7231
10549
8189
8190
8191
8192
8193
8194
8195
3970
3971
3976
3977
3978
3979
3980
3983
3984
3946
3947
3948
3949
10935
7328
8402
8403
8404
614
615
7589
7590
7377
7378
7492
7493
7494
7495
7496
7497
7498
7499
7500
7501
6218
6219
6220
6221
3206
3207
4817
4821
4822
4823
4824
6761
2405
2406
2407
2429
2431
2432
2433
2434
2435
2436
4091
4092
4096
4100
4101
4111
4112
5894
3996
6105
635
636
637
638
639
640
641
642
643
8889
8891
8892
8893
8894
8895
8896
8897
8898
8899
7264
7265
7266
3954
3955
3956
3957
8691
8692
8694
11122
11123
11124
7337
7338
7340
7341
7342
10200
10201
10202
10203
10204
10205
10206
10207
10210
10211
10212
10213
5017
4830
4832
4833
8072
8073
8074
8075
8077
8078
4015
4016
4017
4018
4019
4020
4021
4022
4023
3842
3843
8217
8218
8220
8224
8225
8226
8227
8228
8229
8230
8231
8232
8233
8234
8235
8236
8237
8238
8239
8240
8241
3806
10267
7387
7388
7389
10004
10005
10006
10007
10012
10013
10014
10015
10016
10017
10018
3798
3799
11127
7345
7346
7347
7348
7349
7350
7351
7352
7353
7354
7355
7356
7357
7358
3720
3721
3722
9339
9341
11017
11018
11019
11020
11021
11022
11023
11024
11025
11030
9784
9785
9789
9790
9791
9792
9793
9794
6320
6321
6328
6329
6717
644
645
646
647
648
649
650
651
652
653
654
655
656
657
658
659
660
661
662
663
6751
6752
6754
6755
6759
8409
8695
11032
11033
11034
11035
11036
11037
11038
11039
11040
10214
10215
10216
10217
10218
10219
10030
10031
10032
10035
10036
10037
2439
2440
2441
2442
2443
2444
2445
2446
2447
2448
2449
2450
2451
2452
2453
2454
510
513
514
516
517
518
519
520
521
522
524
544
10229
10230
10231
10262
6433
6434
6435
6436
6437
6438
6439
6440
9762
9763
9765
9766
9767
3148
3149
3152
3153
3154
3155
3158
3159
3160
3161
3162
3163
3164
3165
3166
3167
3168
3169
3170
3171
3172
3173
3182
3184
3185
3186
3187
3188
3189
3190
4071
4072
3747
549
9267
10555
10556
10557
10558
10559
10560
10561
10562
10563
10564
10565
10567
2293
2294
2296
2297
2298
2299
2300
2301
2308
2309
2310
2311
2312
2313
2318
2319
2320
2321
2322
2323
2324
2325
2326
2327
2328
1888
1889
1890
1891
1892
1893
1894
1895
4198
4199
4200
4201
4202
4203
4204
4205
4206
4207
4208
4209
4210
4211
4212
4213
4214
4215
4216
4217
4218
4219
4220
4221
4222
4223
6233
6234
6236
10268
4070
2347
2348
8555
8556
8557
8558
8559
8560
8561
8564
8570
8575
9795
6184
6185
6186
6187
8125
4085
4086
4087
4088
8989
616
617
618
619
620
621
622
623
624
10019
10020
10021
10024
10025
10026
10027
10028
10029
546
547
8489
8490
8492
8493
8495
8496
8497
8498
8499
8500
8501
3133
3932
3933
4000
4001
4002
4003
4009
4010
4011
4012
4013
4014
2093
4244
4245
4246
4247
4248
4249
4250
4251
4253
4254
4255
4256
4257
4258
4259
4260
4262
4263
8546
4063
7269
7270
11095
11096
11097
3742
3743
5947
5948
5949
5950
9935
9936
9937
9938
9943
9944
9945
9946
9947
9948
9949
3778
3779
4068
4069
2965
2966
2967
2968
2970
2971
2972
2974
2975
6378
6384
3717
3718
3719
10263
725
6361
6362
6363
6364
6365
6366
6367
8390
4056
4057
8526
8527
8531
4768
3138
3139
3141
3142
3143
3144
4083
4084
8576
8577
6762
6763
6764
6765
6766
6767
6768
6769
6770
6771
6772
6774
3922
3923
3934
3935
3936
3937
6452
6453
6454
6455
6456
6457
3017
3018
3019
3020
3021
3022
3024
3025
3026
3028
3029
3030
3031
3032
3035
3036
3037
3038
3039
3040
3042
3043
3989
3921
9718
9719
9720
9721
9724
9725
9726
6352
6353
6355
6357
6358
6360
7408
7409
7410
7411
7412
3279
7367
2726
2727
2728
2729
2730
2731
2732
2733
2734
2735
8126
937
938
870
871
872
873
874
875
8503
8516
8517
5928
5929
5930
5931
5933
5962
7239
7240
865
866
867
868
869
2178
2179
2180
2181
2182
10264
10265
604
605
606
611
612
613
3766
3767
3768
3282
3283
3284
3285
9268
9269
9270
9271
9272
9275
9279
9280
9281
9282
9283
9284
9285
9286
9287
9288
9289
9290
9291
9292
9293
9294
9295
9296
9297
9298
9299
9300
9302
9303
9304
9305
9306
9307
9308
9309
9310
9311
9312
9313
9314
9315
9316
9317
9318
9319
9320
9321
9322
9323
9324
9326
9327
9328
9329
9330
6714
6715
6716
8914
8106
3924
3925
688
689
690
691
692
693
694
695
696
697
698
699
700
701
702
703
704
705
706
707
708
709
710
711
712
713
714
715
716
717
718
3044
3045
3046
3047
3048
3049
3054
3055
3056
3057
3058
3059
3060
3061
3066
3067
3069
3070
3072
