12543
12544
12545
12546
12547
12548
12549
12550
1655
1656
1657
4772
3018
3019
3020
713
12535
12536
12537
12538
12541
12542
5816
5817
5818
5820
5821
5822
5823
5824
5825
1320
635
11489
11490
5535
5536
3486
6864
6865
6866
6867
6868
7749
7750
7751
7752
7753
4889
4890
4891
542
543
544
517
2114
5645
5646
5647
5648
5649
5650
5651
1453
1454
1455
11508
11509
4929
2352
2353
2355
2356
6802
2560
6808
4431
4432
4433
4434
4435
729
730
6462
11726
785
9350
9351
9352
3701
3702
4866
6383
12026
12029
12030
12295
12296
12297
12298
12299
6204
6205
6206
6207
6208
6209
6210
6211
1467
6426
6427
6428
1875
1876
1877
1878
7728
7729
7730
4838
4839
787
1358
1359
1360
425
1943
1944
1945
1946
1947
1948
1841
1842
1843
1844
1845
2350
4179
4180
7950
7951
1500
8168
4186
4192
9748
9751
2703
1982
11776
859
1951
7707
7708
7710
7711
7712
7713
1584
12067
4794
4795
9175
9176
5547
5548
5549
5550
11841
11842
11843
9325
731
732
7193
422
423
424
6197
11494
11495
7184
7185
7186
7187
818
819
820
9262
9263
3522
9458
9459
9460
6481
6482
9740
5358
5359
8338
8339
8340
8341
8342
8343
8344
8345
8346
8347
8348
8349
8350
8351
8352
8353
8354
8355
8356
8357
8358
8359
8362
8363
8364
8365
8366
8367
8368
8369
8370
8374
8375
8376
8377
8378
8541
8542
8543
8544
8547
8548
8549
8550
8551
8552
8553
8554
8555
8556
8557
8560
8562
8563
8565
8566
8567
8568
8569
8575
8580
8581
8582
8618
8619
8624
8625
8626
8627
8628
8630
4167
11894
11895
7825
7826
7827
7828
688
7192
529
530
2941
2942
2943
2944
8192
8193
8194
8198
8205
12417
12418
12419
12420
4886
4887
11770
12394
12395
12396
12397
2764
2765
2766
2767
2768
2769
3354
4156
4157
4158
4159
488
12300
12301
12302
12303
12304
12305
12306
12307
12308
12309
12310
12311
12312
12313
12314
12315
12316
12318
12319
12320
12321
12322
12323
12324
12325
12326
12327
12328
12329
723
724
725
726
727
728
12675
7930
9327
9328
9330
6212
7483
4704
4705
4711
7339
7340
5640
5641
6707
3119
3120
4691
4692
4693
4694
4695
4690
210
7478
7479
7480
9464
9265
1017
6703
6704
6705
6706
6762
6763
6764
6765
6766
4919
4920
4454
4455
4462
4463
4464
4467
4468
4469
6690
6691
623
624
1313
8539
8540
5668
5623
5624
5625
5626
5627
11897
11898
11899
11900
11901
11902
11903
11615
12515
12516
12517
12518
12519
12520
12521
1314
1319
4620
6721
6722
8507
9752
9753
522
1493
1494
2752
2753
2754
2755
2760
2761
2762
5811
5812
5813
7054
1413
1309
3741
3742
4141
4142
4143
4144
4145
4146
4147
4148
2351
9569
7486
7487
6870
6877
6170
6171
6172
6173
480
481
482
5839
5840
5841
5842
5843
5844
5845
5846
5847
8171
8172
1402
1403
11764
2031
3014
3015
3016
3017
463
464
465
466
8170
1587
1588
1589
1590
1591
1592
1593
1594
1595
3262
3263
3264
3265
6904
6905
4168
3828
3829
8712
1817
1818
1567
1568
2012
1392
1393
7703
1415
1416
1921
1922
1642
1643
1644
1645
1646
1647
1648
1649
1650
1651
1652
1653
1503
1504
4614
4615
4616
4617
6915
7847
1672
6378
6379
5537
5538
3073
8529
8530
8531
7945
7947
7948
12504
12505
12506
12507
12508
12509
12510
12511
12512
11492
11493
7057
9504
9505
9507
9512
8655
8656
8657
6234
6235
6236
6237
6238
6239
6240
3528
3529
3530
3531
3532
667
11558
655
656
12244
12245
12246
12247
12248
12249
12250
12251
12252
12253
12254
12255
12256
12257
12258
12259
12260
12261
12262
12263
12264
12265
12267
12268
12270
12271
625
626
627
628
629
630
631
632
633
634
11699
1677
12341
12342
12343
12344
12345
12346
12348
7721
7723
7724
6742
2082
2083
689
5635
5637
5638
7857
7858
7859
7860
7861
7862
7863
7864
7868
7869
7870
7871
7872
7873
7874
7885
5903
1660
1661
1662
1663
1633
1634
1635
2013
2014
2015
11838
11839
11840
7169
9630
4637
4638
4639
6737
6738
6739
6249
6250
6251
6254
9631
9632
1484
4508
4510
4511
4748
8903
694
695
696
697
7211
12653
9251
1396
3388
3389
5134
5135
5136
5137
5138
8716
8647
12557
2142
6562
6563
6564
6565
6566
6567
1034
6903
6263
6231
6232
6233
1726
1727
1728
1729
1730
1731
1733
1734
1735
1736
1737
1738
1740
1741
1743
6799
1294
1295
7175
7176
3743
3744
1024
1025
1026
12399
6165
6166
6167
6886
6887
6890
6891
6892
2088
6639
6640
11948
11949
11950
552
553
554
555
556
557
558
653
654
486
1952
11998
11999
12000
12001
12002
8532
8533
1029
11580
9618
1182
1183
1184
1185
1186
1187
1188
1189
1190
3469
3470
1979
2105
3537
3540
3541
3542
3543
1445
4699
7899
853
8817
8826
8827
1168
9069
586
587
12481
12482
12483
12484
12485
1658
1659
12143
12661
7219
11860
11861
9383
9384
9385
9386
9599
9600
2084
2085
4173
4452
4453
7121
7122
7123
7124
7125
7126
7469
7470
7471
7472
7475
7476
7477
7831
2733
2735
2736
2737
6202
6203
3718
8307
1442
6860
6861
6862
6863
12598
12599
12600
595
596
597
12099
7168
9601
7962
686
687
1023
774
2113
12015
12016
12017
12018
12019
12021
12022
12023
1537
1538
1539
8661
8662
8663
8664
8665
3090
3091
6798
8710
8711
8506
11794
8923
8924
8925
8928
8929
8930
8931
8932
8933
8936
8937
8938
8943
8944
8945
8947
3736
3738
3739
5621
5622
5539
6500
11975
9556
9560
9561
9562
9563
9564
428
9185
9186
9188
9189
6174
6175
6540
6541
6542
6543
4546
4547
4548
4549
4550
4551
4552
4553
4554
4556
4557
4189
4190
4191
7206
2763
5892
5893
5894
5895
1386
6708
6709
12525
12527
6820
1460
2365
2366
2367
2368
2369
2370
2371
2372
2373
2374
2375
2376
2377
2378
2379
2380
2382
2387
2388
2389
11825
11826
11827
11828
11829
12591
3545
3546
6454
6455
6456
5570
5571
7718
2072
1540
8536
2094
2095
2096
2097
1631
8726
1447
1448
1449
1450
4573
487
6414
6415
4633
11920
8333
1695
12004
12005
4853
7953
4807
4109
4110
581
583
584
6605
6606
6607
6608
6609
6610
6611
6614
8666
8668
8673
5814
5815
4188
825
826
827
828
11773
1816
3399
3400
3401
3402
12233
12234
12235
12236
12237
12238
12239
8714
7701
7702
1138
1140
1141
1142
1143
1144
4789
4791
4792
1169
9501
9502
9503
1404
5127
5128
11952
11953
11954
1148
1149
1151
1154
1155
1161
886
887
888
893
6907
12398
6761
4881
4883
4884
5827
5828
5829
5830
5831
5832
6858
6859
9402
9403
9404
4303
4304
4305
4307
4308
4309
4310
4312
4317
898
8698
8700
12362
12365
12366
91
3068
1422
1423
8308
8309
8310
8311
8312
