5816
5817
5818
5820
5821
5822
5823
5824
5825
5570
5571
7180
7181
7182
7183
12675
7169
4840
12525
12527
4930
4931
4932
4933
1462
8988
8989
8723
8724
6839
6840
6841
6842
6843
6844
6845
9436
9437
9438
9439
5134
5135
5136
5137
5138
12557
1984
9286
9287
9288
9289
9290
9291
9292
11921
6906
11764
8307
6864
6865
6866
6867
6868
1486
1488
1489
5903
4838
4839
7695
9740
2013
2014
2015
11770
5887
5888
5889
5890
5891
4700
7767
6378
6379
12075
12076
3493
3494
5857
5858
5859
5860
5861
5862
5863
5864
8806
8807
8808
8810
8811
8812
8813
8814
8923
8924
8925
8928
8929
8930
8931
8932
8933
8936
8937
8938
8943
8944
8945
8947
3094
3095
3096
3097
4189
4190
4191
6231
6232
6233
8398
8399
8400
8401
8402
8403
8404
8405
8406
8407
8408
8409
8410
8411
8412
8413
1584
4720
8985
8986
8987
6719
6720
428
9033
9034
9035
9036
9037
9038
1447
1448
1449
1450
8488
6204
6205
6206
6207
6208
6209
6210
6211
1421
6820
6907
12240
12241
12242
12243
12676
12394
12395
12396
12397
1315
6544
6545
3262
3263
3264
3265
11765
11766
11767
4912
4913
8849
8850
8851
8852
8853
8854
8855
8856
8857
8858
8859
8860
8861
8862
1396
7105
9246
3911
3912
3913
3914
7154
1468
4635
4636
2011
4855
4857
4858
1641
1168
7759
4760
2941
2942
2943
2944
2
3280
3281
2053
6749
6750
6752
6753
6755
6756
6757
6759
6760
12654
12655
12657
12658
12659
12660
11773
780
6176
6177
6178
6179
6180
6181
6182
11948
11949
11950
9311
12244
12245
12246
12247
12248
12249
12250
12251
12252
12253
12254
12255
12256
12257
12258
12259
12260
12261
12262
12263
12264
12265
12267
12268
12270
12271
3915
3916
1710
1711
1712
1713
1714
1715
1716
1717
1718
1719
1720
1721
1722
1723
12300
12301
12302
12303
12304
12305
12306
12307
12308
12309
12310
12311
12312
12313
12314
12315
12316
12318
12319
12320
12321
12322
12323
12324
12325
12326
12327
12328
12329
5634
560
561
5131
5132
5133
1943
1944
1945
1946
1947
1948
3718
7842
7843
7844
7845
9305
9306
4645
4197
715
8502
8503
8216
8217
1552
1553
4862
4863
3485
11830
11832
11835
11836
11837
6506
12653
422
423
424
2352
2353
2355
2356
7214
7215
7216
7217
6700
6701
9283
9501
9502
9503
9618
3897
3898
3899
3909
3910
3736
3738
3739
9297
818
819
820
4889
4890
4891
1330
1331
1332
1333
1335
1336
1337
1338
6731
6732
488
3695
3846
3847
3848
3849
3850
3860
3862
3863
3864
3866
3867
11580
12209
8285
1910
7943
11555
11556
11557
1380
12143
6655
4202
1305
8760
8761
8762
8763
8764
8766
8767
9185
9186
9188
9189
1633
1634
1635
11894
11895
4713
4714
6912
1905
1906
1907
1908
1909
12677
12678
8329
7486
7487
1270
1271
1272
1273
1274
1275
1276
1277
1278
7484
7485
7705
7706
1567
1568
7847
377
379
380
382
383
394
395
396
397
398
399
400
401
7763
7764
7765
7766
6716
6717
6718
2088
2074
2075
2076
1654
8734
419
4113
11750
6639
6640
4192
8451
8452
8453
1965
6708
6709
4699
1312
1415
1416
8168
5873
5874
5875
4149
4150
4151
4152
4153
4154
4155
7994
2560
713
1013
1014
1015
7992
7993
4618
4619
12354
12355
12356
12357
12358
842
843
844
1912
1913
1914
1915
1916
1919
1920
1605
1921
1922
6454
6455
6456
8802
8803
8804
8805
1680
8379
1695
11952
11953
11954
11860
11861
9182
9183
1309
595
596
597
11985
11986
11987
11988
11989
11990
11991
11992
11993
11994
11995
11996
11997
11577
208
8799
8800
8801
2744
2745
2746
2747
2748
5892
5893
5894
5895
12006
12007
12008
4186
523
7770
7771
2703
8982
8983
8984
9393
9394
9395
9396
739
740
741
745
7177
7178
7179
7057
4303
4304
4305
4307
4308
4309
4310
4312
4317
4774
8635
6647
6648
6799
7942
653
654
4497
1952
1925
1926
6830
6831
4114
4115
4116
4117
4118
4119
4122
4123
4124
4125
4126
4127
4130
4131
4132
4133
4134
4136
4137
4138
4139
4140
4929
7719
12367
12368
12369
12370
12371
12372
12374
12375
12376
12377
12378
12379
12380
895
896
897
427
11858
11859
6802
9322
1444
861
862
1381
1402
1403
9468
6493
6740
6741
8441
8442
8443
8444
8445
8446
3018
3019
3020
9317
9318
2350
1747
1748
1749
1750
1751
1752
1753
6800
6801
6340
6341
8698
8700
9471
9472
9473
9474
9475
9476
9477
9478
1292
1293
7899
8541
8542
8543
8544
8547
8548
8549
8550
8551
8552
8553
8554
8555
8556
8557
8560
8562
8563
8565
8566
8567
8568
8569
8575
8580
8581
8582
8618
8619
8624
8625
8626
8627
8628
8630
7721
7723
7724
3734
4614
4615
4616
4617
434
435
436
437
438
6170
6171
6172
6173
6762
6763
6764
6765
6766
11562
11563
11567
6212
6202
6203
524
1642
1643
1644
1645
1646
1647
1648
1649
1650
1651
1652
1653
2114
1891
1893
3733
4881
4883
4884
1607
1608
6851
2031
552
553
554
555
556
557
558
625
626
627
628
629
630
631
632
633
634
12295
12296
12297
12298
12299
7468
9599
9600
5826
3719
9247
9248
9249
9250
9755
3716
9454
9455
9456
9457
91
3720
3721
5623
5624
5625
5626
5627
7478
7479
7480
7834
7835
7836
8731
8732
4633
12349
12350
12351
12352
12353
5827
5828
5829
5830
5831
5832
502
8062
1982
7841
8486
8487
578
3031
3032
3033
3034
3035
3036
3037
3038
1658
1659
9072
9073
6723
6724
859
11705
11706
598
658
659
660
4643
4644
1021
1022
426
1507
1508
516
6017
6018
6019
6020
6021
6022
5635
5637
5638
1320
7930
4723
12067
3117
3118
4805
4585
4586
4587
4588
4589
4590
4594
4602
4603
4604
4605
4606
425
12399
8979
12053
12054
566
2925
2926
2927
2928
2929
2930
2931
2932
2933
2934
2936
2937
2939
529
530
3699
3700
5657
5659
5660
1541
714
1303
5358
5359
7926
3704
368
