6462
1163
1540
6803
1567
1568
7990
7991
6414
6415
1024
1025
1026
12654
12655
12657
12658
12659
12660
4889
4890
4891
6860
6861
6862
6863
6853
6855
6856
467
468
9605
5620
7772
7773
7774
7778
11978
11979
11980
11981
11982
11983
11984
9268
9269
12143
488
4699
4195
4197
3225
7954
7955
7956
11860
11861
8726
1754
1755
1756
1757
1758
1759
1777
1778
1779
1780
1781
1782
1783
1784
1888
1889
4690
8488
1421
567
568
569
570
571
572
573
606
607
625
626
627
628
629
630
631
632
633
634
8514
8515
1329
5887
5888
5889
5890
5891
6544
6545
5814
5815
1004
11489
11490
1342
9583
9584
9585
9586
9587
9588
9589
9590
9591
9592
5635
5637
5638
723
724
725
726
727
728
7899
6850
501
1859
1860
1861
1863
1864
1865
1866
91
653
654
9468
715
1445
9402
9403
9404
11494
11495
7759
7719
4879
855
856
6906
1410
1412
8661
8662
8663
8664
8665
1019
1020
1324
4749
1984
1695
4914
4915
12661
8785
8786
8787
8788
8789
8790
8791
11844
11845
8534
8535
7839
11590
4192
2560
12361
4895
4573
8979
1447
1448
1449
1450
11499
11500
11501
11502
11503
11765
11766
11767
425
3226
3227
3228
3229
3230
3232
3233
3234
3235
3236
3237
3238
3240
3241
3242
3243
3244
3245
3246
3248
3249
3250
5645
5646
5647
5648
5649
5650
5651
432
433
9740
8507
7697
7698
7699
7700
6217
6218
6219
6220
6221
6222
7193
8806
8807
8808
8810
8811
8812
8813
8814
7840
4493
3
7726
7727
6808
7194
2836
1407
487
7170
7171
7172
777
778
779
4645
11728
560
561
3524
3525
3526
7842
7843
7844
7845
600
601
605
8906
11540
517
1500
6562
6563
6564
6565
6566
6567
566
8757
12244
12245
12246
12247
12248
12249
12250
12251
12252
12253
12254
12255
12256
12257
12258
12259
12260
12261
12262
12263
12264
12265
12267
12268
12270
12271
1982
8776
8777
8778
8779
8780
8781
6903
420
9660
6792
6793
6794
6795
6796
6797
6383
1680
6300
1921
1922
7468
1587
1588
1589
1590
1591
1592
1593
1594
1595
12240
12241
12242
12243
1785
1786
1787
1358
1359
1360
524
460
461
1456
1148
1149
1151
1154
1155
1161
5547
5548
5549
5550
755
756
12055
1317
3474
3475
3476
3477
3478
3479
3480
5643
5644
4643
4644
1677
6798
9570
9571
12053
12054
7749
7750
7751
7752
7753
2733
2735
2736
2737
7180
7181
7182
7183
646
647
623
624
1543
4725
6895
9278
1460
4611
4612
1900
1901
1902
1903
3068
6388
6389
6391
6392
6393
6394
6395
6397
6398
6399
7736
1311
88
89
5656
3911
3912
3913
3914
11911
11913
11914
9361
7094
7095
7096
7097
7098
7099
7100
7101
4893
6838
12004
12005
2094
2095
2096
2097
426
1138
1140
1141
1142
1143
1144
6828
6829
5580
5582
1463
9265
4479
12077
6820
6481
6482
1017
6212
1315
9513
9514
9515
6912
5892
5893
5894
5895
4185
9178
9179
8633
12522
12523
11920
11784
11896
11773
12295
12296
12297
12298
12299
4614
4615
4616
4617
1672
3388
3389
1339
4566
4567
4568
4569
4572
6799
6370
2391
5621
5622
5634
4543
4544
4545
4560
4561
7133
7134
7135
7136
7137
7138
7139
1013
1014
1015
1507
1508
8168
9498
9499
9500
9257
377
379
380
382
383
394
395
396
397
398
399
400
401
4892
9604
12359
12360
1306
1925
1926
2017
1642
1643
1644
1645
1646
1647
1648
1649
1650
1651
1652
1653
12276
12277
12278
6279
6280
6282
6283
6285
6286
6288
6289
1943
1944
1945
1946
1947
1948
12504
12505
12506
12507
12508
12509
12510
12511
12512
1312
8802
8803
8804
8805
581
583
584
681
682
683
684
3713
3706
1444
4773
4867
4868
4869
4870
4871
4872
4873
12479
3469
3470
9618
1394
1395
4794
4795
1458
733
734
735
2357
3261
7211
4723
4853
586
587
6909
689
489
490
491
492
493
1034
4881
4883
4884
1725
87
12006
12007
12008
4186
4637
4638
4639
9298
9501
9502
9503
4801
4802
4803
6731
6732
2365
2366
2367
2368
2369
2370
2371
2372
2373
2374
2375
2376
2377
2378
2379
2380
2382
2387
2388
2389
12399
4189
4190
4191
9471
9472
9473
9474
9475
9476
9477
9478
11960
11961
11962
3522
3509
3510
3511
3512
3513
6809
6810
6811
6812
6813
6814
6815
4141
4142
4143
4144
4145
4146
4147
4148
8333
6231
6232
6233
6716
6717
6718
11838
11839
11840
6605
6606
6607
6608
6609
6610
6611
6614
578
739
740
741
745
1541
5598
8539
8540
6
6806
6807
8988
8989
9569
419
8509
5616
507
508
509
510
511
512
2074
2075
2076
7943
3741
3742
3835
6821
564
565
7718
7341
7342
7343
7344
7345
7346
7347
7348
7351
7354
7355
9312
9313
9314
9315
9316
9185
9186
9188
9189
4165
8962
8963
8966
8967
8970
8971
8975
8976
3399
3400
3401
3402
3260
1747
1748
1749
1750
1751
1752
1753
11541
11547
11548
11549
11550
523
9283
787
9322
4167
2117
2118
2119
3257
3258
3259
8295
8296
8298
8299
736
737
738
1552
1553
559
9066
9067
9068
746
747
748
749
750
11922
1368
4713
4714
1973
3708
4788
638
1304
6802
11498
3695
2004
2005
1016
7825
7826
7827
7828
6655
846
847
848
849
850
851
4775
4776
527
3119
3120
2953
2954
2955
2956
2957
434
435
436
437
438
8380
2351
3915
3916
7893
1537
1538
1539
1402
1403
6168
8192
8193
8194
8198
8205
11764
6707
1726
1727
1728
1729
1730
1731
1733
1734
1735
1736
1737
1738
1740
1741
1743
547
548
1966
1967
1968
1969
1970
1406
9181
6836
6837
6189
6190
8537
8538
6834
6835
9072
9073
7809
7810
7811
7812
7813
7814
7815
7816
7817
7818
7819
7820
622
6249
6250
6251
6254
529
530
1710
1711
1712
1713
1714
1715
1716
1717
1718
1719
1720
1721
1722
1723
6170
6171
6172
6173
9069
6380
6381
6382
5679
3710
3711
3712
8635
7996
7997
9305
9306
2358
1797
1798
1799
1800
1801
1802
1803
1804
1805
9755
12232
7462
7463
7464
7465
7466
774
8912
8913
8914
8915
8916
8917
8918
12433
3086
3087
11710
12671
12672
12673
12674
2012
1439
1440
427
8760
8761
8762
8763
8764
8766
8767
11559
6202
6203
6371
8062
8329
502
7728
7729
7730
6804
6805
6204
6205
6206
6207
6208
6209
6210
6211
12525
12527
655
656
8655
8656
8657
2352
2353
2355
2356
729
730
2082
2083
11524
11525
11526
11527
11528
11529
11530
11531
11532
11534
11536
11538
11539
9436
9437
9438
9439
7478
7479
7480
1195
1197
1198
1200
8948
8949
8950
8951
8952
8953
8954
8955
8956
8957
8959
8960
8961
6275
6276
6277
1169
7173
7174
1270
1271
1272
1273
1274
1275
1276
1277
1278
552
553
554
555
556
557
558
4701
4702
4703
11496
11497
7994
3545
3546
6916
6920
6921
6922
6923
6949
6950
6951
6955
6956
6957
6963
6967
6968
6969
6972
6973
6974
6975
6976
6977
6978
7053
