516
4109
4110
6707
7341
7342
7343
7344
7345
7346
7347
7348
7351
7354
7355
7728
7729
7730
12367
12368
12369
12370
12371
12372
12374
12375
12376
12377
12378
12379
12380
4774
5814
5815
8655
8656
8657
11770
2953
2954
2955
2956
2957
8534
8535
2359
2360
2362
4585
4586
4587
4588
4589
4590
4594
4602
4603
4604
4605
4606
581
583
584
6834
6835
12359
12360
4720
859
1951
1460
6426
6427
6428
2088
4807
6262
208
11844
11845
3014
3015
3016
3017
8988
8989
4637
4638
4639
402
403
404
405
406
407
408
494
7696
623
624
7169
8806
8807
8808
8810
8811
8812
8813
8814
7481
7482
5855
5856
821
822
823
824
6916
6920
6921
6922
6923
6949
6950
6951
6955
6956
6957
6963
6967
6968
6969
6972
6973
6974
6975
6976
6977
6978
7053
5903
11921
616
617
618
619
620
621
1329
7105
5645
5646
5647
5648
5649
5650
5651
8912
8913
8914
8915
8916
8917
8918
9254
860
12075
12076
9268
9269
3469
3470
672
673
674
675
676
677
678
679
680
7928
7929
7731
7732
8532
8533
4560
4561
3699
3700
430
6800
6801
1500
6830
6831
638
12399
11612
12209
432
433
4613
4910
4911
7168
3518
3519
3520
3521
1394
1395
1468
1016
5583
12295
12296
12297
12298
12299
9501
9502
9503
7960
6703
6704
6705
6706
11590
4686
3528
3529
3530
3531
3532
1422
1423
12032
12033
2105
4518
4519
7057
8759
4614
4615
4616
4617
566
552
553
554
555
556
557
558
5668
614
615
6460
6176
6177
6178
6179
6180
6181
6182
6647
6648
6719
6720
4864
4865
7962
6820
5656
9523
9524
9525
9526
9527
9528
9529
3209
3210
3211
3212
3213
3215
3216
3217
3218
3219
3220
3221
3222
3223
3224
1963
1964
6493
1313
3390
3391
1754
1755
1756
1757
1758
1759
1777
1778
1779
1780
1781
1782
1783
1784
4860
4861
6384
5640
5641
7898
1330
1331
1332
1333
1335
1336
1337
1338
12015
12016
12017
12018
12019
12021
12022
12023
1019
1020
3835
9454
9455
9456
9457
2996
2997
2998
2999
1710
1711
1712
1713
1714
1715
1716
1717
1718
1719
1720
1721
1722
1723
4836
4837
4916
4917
1569
1570
1571
1572
1148
1149
1151
1154
1155
1161
3846
3847
3848
3849
3850
3860
3862
3863
3864
3866
3867
4930
4931
4932
4933
12504
12505
12506
12507
12508
12509
12510
12511
12512
7963
560
561
6737
6738
6739
3282
4747
12394
12395
12396
12397
4431
4432
4433
4434
4435
9604
8501
1324
12398
9305
9306
12592
12593
12594
12595
12596
12597
4924
3509
3510
3511
3512
3513
9340
9341
9342
9343
9344
11615
5848
5849
5850
12056
12057
12059
12060
6828
6829
6165
6166
6167
5127
5128
4775
4776
5547
5548
5549
5550
4886
4887
761
9069
1013
1014
1015
7339
7340
755
756
5851
5852
5854
567
568
569
570
571
572
573
9078
9079
1540
9748
9751
7792
7794
7795
7797
7799
1432
6310
4199
4200
4201
12525
12527
4611
4612
425
776
9298
1535
11499
11500
11501
11502
11503
9312
9313
9314
9315
9316
11952
11953
11954
1484
6380
6381
6382
1381
7893
524
6895
7992
7993
4919
4920
815
816
6700
6701
7206
5679
2351
9297
12598
12599
12600
8757
4773
1311
1973
9610
9611
4470
9164
9165
9166
9167
9168
9169
9170
9171
9172
9173
9174
4114
4115
4116
4117
4118
4119
4122
4123
4124
4125
4126
4127
4130
4131
4132
4133
4134
4136
4137
4138
4139
4140
6015
6016
8666
8668
8673
12677
12678
6792
6793
6794
6795
6796
6797
898
9182
9183
8635
3701
3702
7834
7835
7836
11841
11842
11843
1406
7807
7808
3474
3475
3476
3477
3478
3479
3480
11896
12049
6316
6317
6327
1658
1659
12053
12054
7749
7750
7751
7752
7753
9631
9632
4303
4304
4305
4307
4308
4309
4310
4312
4317
3537
3540
3541
3542
3543
7484
7485
2016
655
656
3073
1379
8308
8309
8310
8311
8312
8509
12070
12072
12073
4691
4692
4693
4694
4695
7106
7107
7721
7723
7724
5616
2011
3311
3313
3314
3315
3316
3317
3318
3319
3320
3321
3322
3323
3324
3326
3334
3336
3344
3348
3350
8716
8398
8399
8400
8401
8402
8403
8404
8405
8406
8407
8408
8409
8410
8411
8412
8413
3399
3400
3401
3402
6168
8514
8515
8980
8981
4929
12349
12350
12351
12352
12353
4808
4809
9277
9072
9073
11894
11895
11892
11893
1437
1438
3710
3711
3712
11858
11859
2750
2751
2017
6301
6302
6303
6304
6305
6306
6309
3260
5539
2102
7210
1688
1689
1690
1691
1692
1693
1694
6264
542
543
544
608
4725
6870
6877
6001
6002
6003
6004
6005
6006
1567
1568
7840
4680
4681
3733
7121
7122
7123
7124
7125
7126
8536
1413
6839
6840
6841
6842
6843
6844
6845
12478
4921
4922
1458
8793
8794
8795
8796
8797
8798
8802
8803
8804
8805
12232
1682
1683
1686
1687
12068
12099
600
601
605
6898
6899
6900
6901
6902
1453
1454
1455
8307
4878
1463
3709
12676
9608
9609
12515
12516
12517
12518
12519
12520
12521
7483
8192
8193
8194
8198
8205
2836
4179
4180
5643
5644
1315
9281
9282
1905
1906
1907
1908
1909
4789
4791
4792
8537
8538
1641
1308
87
4821
427
5572
5573
2357
6174
6175
428
9630
6546
6547
6548
6549
6550
6551
6553
6554
6555
12562
12563
9317
9318
6451
1292
1293
9605
8723
8724
1314
5620
1312
5892
5893
5894
5895
1505
1506
4113
9504
9505
9507
9512
8329
1633
1634
1635
7695
6858
6859
9258
9259
9260
9261
863
864
865
3262
3263
3264
3265
9181
2352
2353
2355
2356
7211
845
3554
3555
3556
3557
3558
3559
3561
3562
3563
3564
3565
7503
4704
4705
4711
1191
1192
1193
1194
3493
3494
11496
11497
6798
4685
467
468
6263
846
847
848
849
850
851
6832
6833
1666
1668
1669
4701
4702
4703
9583
9584
9585
9586
9587
9588
9589
9590
9591
9592
5826
4166
9311
4700
1462
12404
12405
12406
12407
12408
12410
12411
12412
12413
12414
1631
689
1912
1913
1914
1915
1916
1919
1920
6169
1788
1789
1790
1791
4286
714
3897
3898
3899
3909
3910
3119
3120
2733
2735
2736
2737
1537
1538
1539
3226
3227
3228
3229
3230
3232
3233
3234
3235
3236
3237
3238
3240
3241
3242
3243
3244
3245
3246
3248
3249
3250
1660
1661
1662
1663
6853
6855
6856
9458
9459
9460
7821
7822
7823
7824
9350
9351
9352
7726
7727
